\begin{tabular}{cccccccccccccccccc}
 & (0) & (1) & (2) & (3) & (4) & (5) & (6) & (7) & (8) & (9) & (10) & (11) & (12) & (13) & (14) & (15) & (16) \\
(0) & -3215.3 & -878.2 & -1424.7 & -385.5 & -1301.3 & -1540.8 & -2611.5 & -1206.6 & -6286.0 & -5744.5 & -23719.6 & -23534.6 & -1399.2 & -662.3 & -678.6 & -672.4 & -581.3 \\
(1) & -878.2 & -878.2 & -0.0 & -9.9 & -403.4 & -419.9 & -684.4 & -331.0 & -1716.2 & -1650.8 & -6592.7 & -6547.3 & -388.5 & -163.4 & -188.7 & -211.3 & -169.1 \\
(2) & -1424.7 & -0.0 & -1424.7 & -164.4 & -558.1 & -673.8 & -1189.0 & -543.0 & -2788.6 & -2544.6 & -10488.0 & -10403.8 & -584.9 & -283.1 & -307.1 & -298.6 & -266.4 \\
(3) & -385.5 & -9.9 & -164.4 & -712.9 & -184.7 & -186.6 & -323.2 & -151.2 & -780.1 & -690.5 & -2727.0 & -2708.3 & 45.0 & -59.3 & -103.7 & -91.8 & -77.2 \\
(4) & -1301.3 & -403.4 & -558.1 & -184.7 & -1301.3 & -690.5 & -969.6 & -499.2 & -2547.4 & -2583.9 & -9523.7 & -9556.5 & -499.5 & -213.7 & -289.4 & -298.4 & -192.1 \\
(5) & -1540.8 & -419.9 & -673.8 & -186.6 & -690.5 & -802.6 & -1226.7 & -582.7 & -3013.3 & -2830.7 & -11394.9 & -11318.6 & -656.7 & -310.9 & -324.3 & -324.2 & -281.8 \\
(6) & -2611.5 & -684.4 & -1189.0 & -323.2 & -969.6 & -1226.7 & -2217.9 & -989.1 & -5110.6 & -4607.0 & -19165.9 & -18997.4 & -1223.1 & -543.5 & -548.8 & -538.3 & -476.0 \\
(7) & -1206.6 & -331.0 & -543.0 & -151.2 & -499.2 & -582.7 & -989.1 & -526.4 & -2361.9 & -2161.8 & -8842.7 & -8771.0 & -555.2 & -247.3 & -255.8 & -252.5 & -219.6 \\
(8) & -6286.0 & -1716.2 & -2788.6 & -780.1 & -2547.4 & -3013.3 & -5110.6 & -2361.9 & -12429.2 & -11232.8 & -46358.7 & -45992.6 & -2707.2 & -1293.7 & -1326.7 & -1315.2 & -1131.3 \\
(9) & -5744.5 & -1650.8 & -2544.6 & -690.5 & -2583.9 & -2830.7 & -4607.0 & -2161.8 & -11232.8 & -10804.2 & -42498.4 & -42188.0 & -2409.4 & -1166.7 & -1217.6 & -1210.4 & -1030.3 \\
(10) & -23719.6 & -6592.7 & -10488.0 & -2727.0 & -9523.7 & -11394.9 & -19165.9 & -8842.7 & -46358.7 & -42498.4 & -176274.0 & -174617.1 & -10022.4 & -4894.4 & -4995.0 & -4956.5 & -4260.5 \\
(11) & -23534.6 & -6547.3 & -10403.8 & -2708.3 & -9556.5 & -11318.6 & -18997.4 & -8771.0 & -45992.6 & -42188.0 & -174617.1 & -173640.5 & -9938.3 & -4836.8 & -4956.1 & -4931.3 & -4235.5 \\
(12) & -1399.2 & -388.5 & -584.9 & 45.0 & -499.5 & -656.7 & -1223.1 & -555.2 & -2707.2 & -2409.4 & -10022.4 & -9938.3 & -1399.2 & -291.9 & -304.9 & -304.3 & -267.2 \\
(13) & -662.3 & -163.4 & -283.1 & -59.3 & -213.7 & -310.9 & -543.5 & -247.3 & -1293.7 & -1166.7 & -4894.4 & -4836.8 & -291.9 & -662.3 & -0.0 & 0.0 & 0.0 \\
(14) & -678.6 & -188.7 & -307.1 & -103.7 & -289.4 & -324.3 & -548.8 & -255.8 & -1326.7 & -1217.6 & -4995.0 & -4956.1 & -304.9 & -0.0 & -678.6 & 0.0 & 0.0 \\
(15) & -672.4 & -211.3 & -298.6 & -91.8 & -298.4 & -324.2 & -538.3 & -252.5 & -1315.2 & -1210.4 & -4956.5 & -4931.3 & -304.3 & 0.0 & 0.0 & -672.4 & 0.0 \\
(16) & -581.3 & -169.1 & -266.4 & -77.2 & -192.1 & -281.8 & -476.0 & -219.6 & -1131.3 & -1030.3 & -4260.5 & -4235.5 & -267.2 & 0.0 & 0.0 & 0.0 & -581.3 \\
\end{tabular}
