b_hat_step1 = [0.5763, 0.9833]
b_hat_step2 = [0.575, 0.9857]
S_TH = [5.3784 -0.0768 0.0357; -0.0768 14.9989 8.9291; 0.0357 8.9291 10.3249]
W_step2 = [0.186 0.0028 -0.003; 0.0028 0.1375 -0.1189; -0.003 -0.1189 0.1997]
Gradient (dg_dÏ, dg_dÏƒ) = [-0.0462 -0.02; -2.4128 -2.8996; -2.7957 -1.6547]
VCV for b_hat_step2 = [0.0125 -0.0099; -0.0099 0.0168]
SE(b_hat_step2) = [0.1116, 0.1296]
J_stat = 0.360497409